广东省2025年本科普通类（物理）投档情况
院校代码 院校名称 专业组代码 计划数 投档人数 投档最低分 投档最低排位
10001 北京大学 206 34 35 689 99
10002 中国人民大学 206 3 3 679 388
10002 中国人民大学 207 39 39 672 823
10003 清华大学 204 67 67 688 118
10004 北京交通大学 208 90 90 620 13967
10004 北京交通大学(中外合作办学) 209 5 5 613 18152
10004 北京交通大学(中外合作办学) 210 3 3 611 19398
10004 北京交通大学(中外合作办学) 211 2 2 617 15604
10004 北京交通大学 212 2 2 637 7166
10004 北京交通大学 213 5 5 633 8612
10005 北京工业大学 205 13 13 603 24588
10006 北京航空航天大学 207 107 107 668 1173
10006 北京航空航天大学(中外合作办学) 210 12 12 646 4469
10007 北京理工大学 205 42 42 666 1331
10007 北京理工大学(中外合作办学) 206 28 28 632 8848
10007 北京理工大学 207 14 14 670 937
10008 北京科技大学 212 6 6 620 14161
10008 北京科技大学 213 22 22 619 14686
10008 北京科技大学 214 37 37 616 16299
10010 北京化工大学 208 59 59 609 20291
10010 北京化工大学 209 45 45 607 22003
10010 北京化工大学(中外合作办学) 210 7 7 593 32547
10010 北京化工大学(中外合作办学) 211 12 12 593 32317
10010 北京化工大学 212 10 10 612 18238
10011 北京工商大学 204 11 11 566 60388
10011 北京工商大学 205 16 16 558 70089
10012 北京服装学院 207 1 1 535 104603
10012 北京服装学院 208 4 4 533 106555
10012 北京服装学院 209 6 6 534 105856
10013 北京邮电大学 204 113 113 635 7767
10013 北京邮电大学(中外合作办学) 205 31 31 620 13955
10013 北京邮电大学 206 8 8 657 2398
10013 北京邮电大学(中外合作办学) 207 18 18 612 18564
10015 北京印刷学院 206 1 1 552 77981
10015 北京印刷学院 207 5 5 543 91448
10016 北京建筑大学 203 2 2 574 50596
10016 北京建筑大学 204 6 6 557 71141
10017 北京石油化工学院 203 3 3 548 83886
10017 北京石油化工学院 204 6 6 552 78351
10019 中国农业大学(中外合作办学) 207 5 5 604 23636
10019 中国农业大学 208 7 7 614 17428
10019 中国农业大学 210 71 71 618 14948
10022 北京林业大学 226 18 18 590 35094
10022 北京林业大学 227 9 9 587 37298
10022 北京林业大学 230 5 5 593 31810
10022 北京林业大学 231 9 9 587 37411
10022 北京林业大学 233 17 17 585 39242
10022 北京林业大学 234 30 30 599 27312
10022 北京林业大学(中外合作办学) 235 5 5 574 50162
10022 北京林业大学 237 2 2 586 38482
10022 北京林业大学 238 7 7 595 30729
10026 北京中医药大学 211 4 4 597 28849
10026 北京中医药大学 214 30 30 602 24867
第 1 页，共 67 页
^NweY²Õb