广东省2025年本科普通类（历史）投档情况
院校代码 院校名称 专业组代码 计划数 投档人数 投档最低分 投档最低排位
10001 北京大学 205 24 24 669 28
10002 中国人民大学 205 56 56 655 148
10002 中国人民大学 208 6 6 666 47
10003 清华大学 203 4 4 675 13
10004 北京交通大学 205 2 2 610 3242
10004 北京交通大学 207 8 8 609 3429
10006 北京航空航天大学 206 6 6 641 493
10007 北京理工大学 204 16 16 621 1840
10008 北京科技大学 209 9 9 603 4596
10010 北京化工大学 207 12 12 590 7555
10012 北京服装学院 206 3 3 546 26327
10015 北京印刷学院 205 1 1 557 20426
10019 中国农业大学 205 8 8 614 2725
10019 中国农业大学(中外合作办学) 206 6 6 596 6000
10019 中国农业大学 209 7 7 605 4208
10022 北京林业大学 220 12 12 595 6372
10022 北京林业大学 221 4 4 591 7300
10022 北京林业大学 224 2 2 596 6004
10022 北京林业大学 225 2 2 590 7654
10026 北京中医药大学 208 5 5 594 6531
10027 北京师范大学 211 14 14 642 469
10027 北京师范大学 218 2 2 628 1187
10028 首都师范大学 208 8 8 596 5991
10029 首都体育学院 204 4 4 547 25615
10030 北京外国语大学 211 21 21 617 2308
10030 北京外国语大学 212 3 3 616 2425
10030 北京外国语大学(中外合作办学) 213 2 2 606 3906
10031 北京第二外国语学院 205 2 2 591 7496
10031 北京第二外国语学院 206 18 18 574 13154
10031 北京第二外国语学院 207 7 7 587 8551
10032 北京语言大学 211 19 19 590 7750
10032 北京语言大学(中外合作办学) 212 9 9 540 29955
10032 北京语言大学 213 3 3 590 7657
10033 中国传媒大学 208 2 2 610 3331
10033 中国传媒大学 209 19 19 612 2922
10033 中国传媒大学(中外合作办学) 210 5 5 603 4555
10033 中国传媒大学 215 2 2 614 2666
10034 中央财经大学 206 38 38 617 2324
10034 中央财经大学(中外合作办学) 207 6 6 611 3094
10036 对外经济贸易大学 207 38 38 618 2176
10037 北京物资学院 204 2 2 560 19068
10038 首都经济贸易大学 204 4 4 588 8332
10043 北京体育大学 215 4 4 588 8250
10043 北京体育大学 216 2 2 583 9828
10043 北京体育大学(中外合作办学) 217 8 8 542 28624
10046 中国音乐学院 203 1 1 581 10623
10047 中央美术学院 206 3 3 591 7548
第 1 页，共 35 页
^NweY²Õb